001_00001 00001 0.245 6.534
001_00002 00002 0.268 3.83
001_00003 00003 0.247 8.556
001_00004 00004 0.282 5.263
001_00005 00005 0.284 8.386
001_00006 00006 0.247 5.88
001_00007 00007 0.199 4.906
001_00001 00001 0.201 5.739
001_00002 00002 0.278 3.672
001_00003 00003 0.174 7.968
001_00004 00004 0.212 5.148
001_00005 00005 0.127 7.228
001_00006 00006 0.29 6.419
001_00007 00007 0.303 5.735
001_00001 00001 0.167 6.262
001_00002 00002 0.248 3.485
001_00003 00003 0.279 8.634
001_00004 00004 0.246 5.277
001_00005 00005 0.153 7.263
001_00006 00006 0.155 5.331
001_00007 00007 0.223 5.695
001_00001 00001 0.142 5.883
001_00002 00002 0.146 3.616
001_00003 00003 0.277 8.631
001_00004 00004 0.222 4.956
001_00005 00005 0.134 7.412
001_00006 00006 0.161 5.404
001_00007 00007 0.201 4.947
001_00001 00001 0.243 6.107
001_00002 00002 0.135 3.287
001_00003 00003 0.162 7.895
001_00004 00004 0.161 5.003
001_00005 00005 0.233 7.864
001_00006 00006 0.258 5.971
001_00007 00007 0.268 5.733
001_00001 00001 0.201 5.308
001_00002 00002 0.18 3.649
001_00003 00003 0.149 7.775
001_00004 00004 0.17 4.978
001_00005 00005 0.155 7.261
001_00006 00006 0.309 6.014
001_00007 00007 0.216 5.41
001_00001 00001 0.247 5.916
001_00002 00002 0.265 3.819
001_00003 00003 0.295 8.79
001_00004 00004 0.198 5.172
001_00005 00005 0.312 8.257
001_00006 00006 0.13 5.033
001_00007 00007 0.287 5.651
001_00001 00001 0.14 5.869
001_00002 00002 0.18 6.027
001_00003 00003 0.25 12.892
001_00004 00004 0.306 6.208
001_00005 00005 0.263 5.9
001_00006 00006 0.309 0.0
